bla
bla
bla    8   13 16                 35                 54         65         76            90           104   
GRDCOF    1    0 0.000000000000E+00 0.000000000000E+00 0.0000E+00 0.0000E+00        0.0000        0.0000
GRDCOF    1    1 0.000000000000E+00 0.000000000000E+00 0.0000E+00 0.0000E+00        0.0000        0.0000
GRDCOF    2    0-0.385482755742E-10 0.000000000000E+00 0.3810E-11 0.0000E+00 19500101.0000 20500101.0000
GRDCOF    2    1 0.968946122814E-10-0.207016409359E-10 0.4284E-11 0.1960E-11 19500101.0000 20500101.0000
GRDCOF    2    2-0.954737052661E-10-0.109635064752E-10 0.2252E-11 0.2484E-11 19500101.0000 20500101.0000
GRDCOF    3    0 0.100458940315E-09 0.000000000000E+00 0.3146E-11 0.0000E+00 19500101.0000 20500101.0000
GRDCOF    3    1-0.158032809268E-10-0.564323825199E-10 0.1339E-11 0.2562E-11 19500101.0000 20500101.0000
GRDCOF    3    2 0.555493688242E-11-0.653402994688E-10 0.1621E-11 0.2162E-11 19500101.0000 20500101.0000
GRDCOF    3    3-0.492443714186E-10-0.787317682809E-10 0.3190E-11 0.2570E-11 19500101.0000 20500101.0000
GRDCOF    4    0 0.362606162802E-10 0.000000000000E+00 0.1484E-11 0.0000E+00 19500101.0000 20500101.0000
GRDCOF    4    1 0.432003693435E-10 0.114757942001E-10 0.2277E-11 0.9897E-12 19500101.0000 20500101.0000
GRDCOF    4    2 0.392678406389E-10-0.445072108350E-10 0.1169E-11 0.2364E-11 19500101.0000 20500101.0000
GRDCOF    4    3 0.152706658635E-10-0.538841322600E-10 0.9649E-12 0.1382E-11 19500101.0000 20500101.0000
GRDCOF    4    4-0.845946238764E-11-0.183077763214E-10 0.3136E-11 0.1892E-11 19500101.0000 20500101.0000
GRDCOF    5    0 0.632341671282E-10 0.000000000000E+00 0.3759E-11 0.0000E+00 19500101.0000 20500101.0000
GRDCOF    5    1-0.638580948918E-11-0.938257778015E-10 0.7140E-12 0.2842E-11 19500101.0000 20500101.0000
GRDCOF    5    2 0.513162450461E-10 0.271702253336E-11 0.2135E-11 0.9820E-12 19500101.0000 20500101.0000
GRDCOF    5    3 0.497882491639E-11-0.477415552997E-10 0.1445E-11 0.1348E-11 19500101.0000 20500101.0000
